ITERATIONS: 10000
BATS_COUNT: 256
DIMENSIONS: 100
Fitness E: 9.656139E+01
Time took: 26.064424
