ITERATIONS: 10000
BATS_COUNT: 256
DIMENSIONS: 100
Fitness E: 1.776357E-15
Time took: 15.921968
