ITERATIONS: 10000
BATS_COUNT: 256
DIMENSIONS: 100
Fitness E: 6.660000E+02
Time took: 8.326356
