ITERATIONS: 10000
BATS_COUNT: 256
DIMENSIONS: 100
Fitness E: 0.000000E+00
Time took: 30.658393
