ITERATIONS: 10000
BATS_COUNT: 256
DIMENSIONS: 100
Fitness E: 1.443290E-15
Time took: 16.776126
