ITERATIONS: 10000
BATS_COUNT: 256
DIMENSIONS: 100
Fitness E: 9.502132E+01
Time took: 27.145893
